{
  "advancedEditorSelectedIdentifier" : "ProjectBrowser",
  "openSceneRelativePaths" : [
    "Standard.usda",
    "Chic Red and Blue.usda",
    "Worn Out.usda",
    "Heart.usda",
    "Summertime.usda",
    "Twenty.usda",
    "Oogie Boogie Skull.usda"
  ],
  "recentIdentifiers" : {
    "9F3FB397-CF7B-4DBD-A73D-871D83507BBF" : [

    ],
    "555A0346-5014-4F5C-B600-3CE1013361C7" : [

    ],
    "C74BF46B-D16D-430C-84A5-E9B430BC196A" : [

    ],
    "DE99BB51-5FD9-46CC-A430-BD427F7E9FB0" : [

    ]
  },
  "sceneCameraHistory" : {
    "2E78DB1E-A844-4DC5-8B0B-2521333DF0E2" : [
      {
        "date" : 740401125.990599,
        "title" : "Untitled",
        "transform" : [
          0.9998431,
          -2.4607358e-10,
          0.017714826,
          0,
          0.009227612,
          0.85361904,
          -0.52081615,
          0,
          -0.01512171,
          0.5208978,
          0.85348505,
          0,
          -0.039109282,
          1.347198,
          2.2073686,
          1
        ]
      },
      {
        "date" : 740401116.522529,
        "title" : "Untitled",
        "transform" : [
          0.99985915,
          -1.683702e-10,
          0.016777933,
          0,
          0.006728382,
          0.91606665,
          -0.4009694,
          0,
          -0.015369704,
          0.4010258,
          0.9159378,
          0,
          -0.039750665,
          1.037173,
          2.36889,
          1
        ]
      },
      {
        "date" : 740401111.824195,
        "title" : "Untitled",
        "transform" : [
          0.99909,
          6.964329e-11,
          0.042651273,
          0,
          0.028150264,
          0.75125694,
          -0.6594094,
          0,
          -0.032042064,
          0.66001,
          0.75057334,
          0,
          -0.08287039,
          1.7069837,
          1.9412076,
          1
        ]
      },
      {
        "date" : 740401100.524456,
        "title" : "Untitled",
        "transform" : [
          0.96710217,
          -1.2531673e-09,
          0.2543883,
          0,
          0.20991912,
          0.56485283,
          -0.7980447,
          0,
          -0.14369197,
          0.8251917,
          0.54627043,
          0,
          -0.3716305,
          2.1341932,
          1.412819,
          1
        ]
      },
      {
        "date" : 740393504.44498,
        "title" : "Untitled",
        "transform" : [
          1,
          0,
          0,
          0,
          0,
          0.7071069,
          -0.70710677,
          0,
          0,
          0.70710677,
          0.7071069,
          0,
          0,
          3.271288,
          3.2712884,
          1
        ]
      },
      {
        "date" : 740393497.162295,
        "title" : "Untitled",
        "transform" : [
          0.99999994,
          0,
          -0,
          0,
          -0,
          0.8660254,
          -0.49999994,
          0,
          0,
          0.49999994,
          0.8660254,
          0,
          0,
          0.21982433,
          0.38074696,
          1
        ]
      },
      {
        "date" : 740393460.902301,
        "title" : "Untitled",
        "transform" : [
          0.99999994,
          0,
          -0,
          0,
          -0,
          0.8660254,
          -0.49999994,
          0,
          0,
          0.49999994,
          0.8660254,
          0,
          0,
          0.21982433,
          0.38074696,
          1
        ]
      }
    ],
    "5DBC8ED8-0DEC-4268-A8A0-74FE11D3D1E7" : [
      {
        "date" : 740394186.775142,
        "title" : "Untitled",
        "transform" : [
          0.99999994,
          0,
          -0,
          0,
          -0,
          0.8660254,
          -0.49999994,
          0,
          0,
          0.49999994,
          0.8660254,
          0,
          0,
          0.21982433,
          0.38074696,
          1
        ]
      }
    ],
    "6E83A380-6A00-473B-B3CE-8D97DD714059" : [
      {
        "date" : 740395536.147514,
        "title" : "Untitled",
        "transform" : [
          0.9846559,
          -6.47838e-10,
          -0.17450742,
          0,
          -0.10220952,
          0.8105257,
          -0.5767159,
          0,
          0.14144278,
          0.585703,
          0.798089,
          0,
          0.36581352,
          1.5148039,
          2.0640974,
          1
        ]
      },
      {
        "date" : 740394440.188275,
        "title" : "Untitled",
        "transform" : [
          0.99978876,
          -4.2050807e-11,
          0.020554874,
          0,
          0.0047019324,
          0.97348523,
          -0.22870146,
          0,
          -0.020009866,
          0.22874981,
          0.9732796,
          0,
          -0.051751517,
          0.59161574,
          2.517193,
          1
        ]
      },
      {
        "date" : 740394434.518866,
        "title" : "Untitled",
        "transform" : [
          0.99776244,
          3.774998e-10,
          -0.066859804,
          0,
          -0.0566266,
          0.5316795,
          -0.84505045,
          0,
          0.035547987,
          0.84694564,
          0.53048986,
          0,
          0.09193776,
          2.1904557,
          1.3720059,
          1
        ]
      },
      {
        "date" : 740394420.191418,
        "title" : "Untitled",
        "transform" : [
          0.9988876,
          -4.824151e-10,
          -0.04715619,
          0,
          -0.043474592,
          0.38736197,
          -0.9209021,
          0,
          0.01826651,
          0.92192763,
          0.38693097,
          0,
          0.04724268,
          2.3843818,
          1.0007195,
          1
        ]
      },
      {
        "date" : 740394412.222035,
        "title" : "Untitled",
        "transform" : [
          0.9999757,
          3.1501773e-11,
          -0.0069691185,
          0,
          -0.0031648644,
          0.89093715,
          -0.45411542,
          0,
          0.006209047,
          0.45412654,
          0.8909155,
          0,
          0.016058458,
          1.1745075,
          2.304175,
          1
        ]
      },
      {
        "date" : 740394407.021666,
        "title" : "Untitled",
        "transform" : [
          0.9999324,
          4.8056337e-11,
          -0.011624789,
          0,
          -0.011570007,
          0.09697086,
          -0.99521995,
          0,
          0.0011272649,
          0.99528724,
          0.09696424,
          0,
          0.0029154455,
          2.5741115,
          0.25077862,
          1
        ]
      },
      {
        "date" : 740394391.639227,
        "title" : "Untitled",
        "transform" : [
          0.9996163,
          -4.9312707e-12,
          -0.027697451,
          0,
          -0.01971843,
          0.7022586,
          -0.7116489,
          0,
          0.019450773,
          0.71192205,
          0.7019891,
          0,
          0.050305534,
          1.841244,
          1.8155544,
          1
        ]
      },
      {
        "date" : 740394373.673225,
        "title" : "Untitled",
        "transform" : [
          0.9938447,
          8.554602e-09,
          -0.11078196,
          0,
          0.059829116,
          0.8416252,
          0.5367377,
          0,
          0.09323691,
          -0.54006195,
          0.8364448,
          0,
          0.113533765,
          -0.65762866,
          1.0185318,
          1
        ]
      },
      {
        "date" : 740394358.433298,
        "title" : "Untitled",
        "transform" : [
          1,
          0,
          -0,
          0,
          -0,
          0.7071069,
          -0.7071067,
          0,
          0,
          0.7071067,
          0.7071069,
          0,
          0,
          0.8610378,
          0.86103785,
          1
        ]
      },
      {
        "date" : 740392699.913876,
        "title" : "Untitled",
        "transform" : [
          0.9788538,
          -5.7524835e-10,
          0.20456122,
          0,
          0.07005035,
          0.9395389,
          -0.33520067,
          0,
          -0.19219321,
          0.34244204,
          0.91967124,
          0,
          -0.13927355,
          0.24815528,
          0.666439,
          1
        ]
      }
    ],
    "9D1369E7-C771-4CFF-8AC3-2891E552F6E6" : [
      {
        "date" : 740391484.320013,
        "title" : "Untitled",
        "transform" : [
          0.9580362,
          -1.0502644e-09,
          0.28664705,
          0,
          0.28647244,
          0.034899607,
          -0.9574526,
          0,
          -0.010003875,
          0.99939084,
          0.03343509,
          0,
          -0.013194657,
          1.3181502,
          0.04409939,
          1
        ]
      },
      {
        "date" : 740391440.411218,
        "title" : "Untitled",
        "transform" : [
          0.99999994,
          0,
          -0,
          0,
          -0,
          0.8660254,
          -0.49999994,
          0,
          0,
          0.49999994,
          0.8660254,
          0,
          0,
          0.6594768,
          1.1422474,
          1
        ]
      }
    ],
    "9F3FB397-CF7B-4DBD-A73D-871D83507BBF" : [
      {
        "date" : 740401078.372086,
        "title" : "Untitled",
        "transform" : [
          0.99999255,
          -1.6515444e-11,
          0.0038652425,
          0,
          0.0022570025,
          0.81180924,
          -0.58391833,
          0,
          -0.003137838,
          0.58392274,
          0.8118033,
          0,
          -0.00811539,
          1.5101993,
          2.0995667,
          1
        ]
      },
      {
        "date" : 740401067.461524,
        "title" : "Untitled",
        "transform" : [
          0.99955136,
          -3.736428e-12,
          -0.029951246,
          0,
          -0.016206458,
          0.8409619,
          -0.54085183,
          0,
          0.025187857,
          0.54109454,
          0.8405846,
          0,
          0.06514335,
          1.3994328,
          2.1740036,
          1
        ]
      },
      {
        "date" : 740401055.359125,
        "title" : "Untitled",
        "transform" : [
          0.99959165,
          -2.4576055e-10,
          -0.028575547,
          0,
          -0.021592272,
          0.65501004,
          -0.75531155,
          0,
          0.018717282,
          0.75562,
          0.65474266,
          0,
          0.048408497,
          1.9542606,
          1.693361,
          1
        ]
      },
      {
        "date" : 740401042.973765,
        "title" : "Untitled",
        "transform" : [
          0.99364203,
          -2.345928e-10,
          0.112585254,
          0,
          0.085825026,
          0.64721024,
          -0.75746477,
          0,
          -0.072866336,
          0.7623114,
          0.64309543,
          0,
          -0.18845423,
          1.9715664,
          1.6632378,
          1
        ]
      },
      {
        "date" : 740401031.540802,
        "title" : "Untitled",
        "transform" : [
          0.9982217,
          -9.124068e-10,
          -0.059612542,
          0,
          -0.05508314,
          0.38234603,
          -0.92237604,
          0,
          0.022792622,
          0.92401916,
          0.38166612,
          0,
          0.058948554,
          2.3897913,
          0.98710304,
          1
        ]
      },
      {
        "date" : 740401022.062427,
        "title" : "Untitled",
        "transform" : [
          0.99991626,
          -7.247581e-10,
          -0.012942386,
          0,
          -0.011381314,
          0.47611502,
          -0.8793094,
          0,
          0.0061620655,
          0.8793831,
          0.47607523,
          0,
          0.015936948,
          2.2743485,
          1.2312732,
          1
        ]
      },
      {
        "date" : 740401020.091411,
        "title" : "Untitled",
        "transform" : [
          0.99991626,
          -4.6152793e-10,
          -0.012942386,
          0,
          -0.012934503,
          0.034899525,
          -0.9993073,
          0,
          0.00045168417,
          0.9993909,
          0.034896668,
          0,
          0.0011681889,
          2.5847247,
          0.090253115,
          1
        ]
      },
      {
        "date" : 740400884.772797,
        "title" : "Untitled",
        "transform" : [
          0.99989706,
          4.682981e-09,
          -0.014349361,
          0,
          -0.014340608,
          0.034899406,
          -0.999288,
          0,
          0.00050078024,
          0.99939084,
          0.03489593,
          0,
          0.0012951663,
          2.5847247,
          0.09025108,
          1
        ]
      },
      {
        "date" : 740400878.626409,
        "title" : "Untitled",
        "transform" : [
          0.9987348,
          4.682981e-09,
          -0.050287217,
          0,
          -0.050256576,
          0.034899347,
          -0.99812645,
          0,
          0.0017549914,
          0.99939084,
          0.03485531,
          0,
          0.004538923,
          2.5847247,
          0.09014602,
          1
        ]
      },
      {
        "date" : 740395674.695204,
        "title" : "Untitled",
        "transform" : [
          0.9999964,
          2.6560385e-09,
          0.0026631204,
          0,
          0.0019868577,
          0.6658776,
          -0.7460584,
          0,
          -0.0017733182,
          0.74606097,
          0.6658753,
          0,
          -0.0045863376,
          1.9295378,
          1.7221532,
          1
        ]
      }
    ],
    "95E6A6DA-EE32-4924-A78B-19C3C95D2241" : [
      {
        "date" : 740401184.854286,
        "title" : "Untitled",
        "transform" : [
          0.99999684,
          6.317419e-11,
          -0.0025182688,
          0,
          -0.0020645668,
          0.5725975,
          -0.819834,
          0,
          0.0014419546,
          0.8198366,
          0.57259583,
          0,
          0.003729322,
          2.1203434,
          1.4809047,
          1
        ]
      },
      {
        "date" : 740401180.837335,
        "title" : "Untitled",
        "transform" : [
          0.9999963,
          1.3257892e-10,
          -0.0027232436,
          0,
          -0.0008121055,
          0.95449924,
          -0.29821217,
          0,
          0.002599334,
          0.29821324,
          0.9544958,
          0,
          0.0067226524,
          0.77126884,
          2.4686124,
          1
        ]
      },
      {
        "date" : 740401172.494299,
        "title" : "Untitled",
        "transform" : [
          0.9998617,
          1.3035412e-10,
          -0.016631542,
          0,
          -0.007287744,
          0.8988832,
          -0.43812764,
          0,
          0.014949815,
          0.4381882,
          0.898759,
          0,
          0.038664702,
          1.1332861,
          2.3244605,
          1
        ]
      },
      {
        "date" : 740401148.49022,
        "title" : "Untitled",
        "transform" : [
          0.9998553,
          8.413814e-11,
          -0.017012157,
          0,
          -0.009564751,
          0.82698077,
          -0.562149,
          0,
          0.014068726,
          0.56223035,
          0.8268611,
          0,
          0.036385942,
          1.4540963,
          2.1385107,
          1
        ]
      },
      {
        "date" : 740393610.996627,
        "title" : "Untitled",
        "transform" : [
          0.99999994,
          0,
          -0,
          0,
          -0,
          0.8660254,
          -0.49999994,
          0,
          0,
          0.49999994,
          0.8660254,
          0,
          0,
          0.21982433,
          0.38074696,
          1
        ]
      }
    ],
    "555A0346-5014-4F5C-B600-3CE1013361C7" : [
      {
        "date" : 740500991.571262,
        "title" : "Untitled",
        "transform" : [
          0.9954438,
          0.0015293604,
          -0.09533744,
          0,
          -0.09533258,
          0.03486597,
          -0.9948346,
          0,
          0.0018026468,
          0.9993908,
          0.034853015,
          0,
          0.0009755841,
          0.5409641,
          0.018865777,
          1
        ]
      },
      {
        "date" : 740500983.321213,
        "title" : "Untitled",
        "transform" : [
          0.9975861,
          0.0015293604,
          -0.06942398,
          0,
          -0.069434956,
          0.034865912,
          -0.996977,
          0,
          0.0008958655,
          0.9993908,
          0.034888044,
          0,
          0.00048474764,
          0.5409641,
          0.018884733,
          1
        ]
      },
      {
        "date" : 740500968.519172,
        "title" : "Untitled",
        "transform" : [
          0.99974936,
          0.0015293604,
          -0.022333672,
          0,
          -0.022373334,
          0.03486597,
          -0.9991415,
          0,
          -0.00074929534,
          0.9993908,
          0.03489156,
          0,
          -0.00040576988,
          0.5409641,
          0.018886628,
          1
        ]
      },
      {
        "date" : 740500908.12198,
        "title" : "Untitled",
        "transform" : [
          0.9989182,
          0.0015293604,
          -0.046476595,
          0,
          -0.04650156,
          0.034898672,
          -0.99830836,
          0,
          9.526784e-05,
          0.99938965,
          0.034932144,
          0,
          5.1388004e-05,
          0.54096353,
          0.0189086,
          1
        ]
      },
      {
        "date" : 740500889.151284,
        "title" : "Untitled",
        "transform" : [
          0.9989183,
          0.0015293568,
          -0.0464766,
          0,
          -0.025922056,
          0.8480786,
          -0.5292362,
          0,
          0.038606476,
          0.5298683,
          0.84720075,
          0,
          0.02089727,
          0.28681448,
          0.45858467,
          1
        ]
      },
      {
        "date" : 740500878.288272,
        "title" : "Untitled",
        "transform" : [
          0.9991875,
          0.0015293569,
          -0.040274624,
          0,
          -0.040303364,
          0.03486591,
          -0.998579,
          0,
          -0.00012291133,
          0.99939084,
          0.0348993,
          0,
          -6.671215e-05,
          0.5409642,
          0.01889081,
          1
        ]
      },
      {
        "date" : 740500870.987071,
        "title" : "Untitled",
        "transform" : [
          0.9992058,
          0.0015293572,
          0.039820053,
          0,
          0.039742704,
          0.034865968,
          -0.9986015,
          0,
          -0.0029155284,
          0.99939084,
          0.03477758,
          0,
          -0.0015783405,
          0.5409642,
          0.018824907,
          1
        ]
      },
      {
        "date" : 740500866.720605,
        "title" : "Untitled",
        "transform" : [
          0.9972716,
          0.0015293572,
          -0.073805034,
          0,
          -0.07381332,
          0.034866028,
          -0.99666244,
          0,
          0.0010490994,
          0.99939084,
          0.034883864,
          0,
          0.000567691,
          0.5409642,
          0.018882457,
          1
        ]
      },
      {
        "date" : 740500859.471938,
        "title" : "Untitled",
        "transform" : [
          0.999964,
          0.0015293572,
          0.008352127,
          0,
          0.008293773,
          0.034898136,
          -0.99935645,
          0,
          -0.0018197894,
          0.9993897,
          0.034884278,
          0,
          -0.0009852231,
          0.5409636,
          0.018882666,
          1
        ]
      },
      {
        "date" : 740500854.371652,
        "title" : "Untitled",
        "transform" : [
          0.5708444,
          0.0015293573,
          -0.82105684,
          0,
          -0.60725904,
          0.67382604,
          -0.42094526,
          0,
          0.5526058,
          0.73888844,
          0.38557854,
          0,
          0.29912207,
          0.39995578,
          0.20871148,
          1
        ]
      }
    ],
    "677B7511-E87D-4D60-A9B5-0F8C76664731" : [
      {
        "date" : 740395557.231052,
        "title" : "Untitled",
        "transform" : [
          -0.03842676,
          5.1423337e-09,
          -0.99926144,
          0,
          -0.5489524,
          0.83558697,
          0.021110037,
          0,
          0.8349698,
          0.5493581,
          -0.03210897,
          0,
          2.22628,
          1.4647536,
          -0.08561198,
          1
        ]
      },
      {
        "date" : 740395532.469156,
        "title" : "Untitled",
        "transform" : [
          0.5630741,
          4.9250852e-09,
          -0.8264064,
          0,
          -0.38960934,
          0.8818927,
          -0.26546133,
          0,
          0.72880185,
          0.47145003,
          0.49657091,
          0,
          1.9432043,
          1.2570273,
          1.3240072,
          1
        ]
      },
      {
        "date" : 740395530.330155,
        "title" : "Untitled",
        "transform" : [
          1,
          0,
          0,
          0,
          0,
          0.7071069,
          -0.70710677,
          0,
          0,
          0.70710677,
          0.7071069,
          0,
          0,
          1.8853587,
          1.8853589,
          1
        ]
      },
      {
        "date" : 740391795.979804,
        "title" : "Untitled",
        "transform" : [
          1,
          0,
          -0,
          0,
          -0,
          0.8660253,
          -0.5000001,
          0,
          0,
          0.5000001,
          0.8660253,
          0,
          0,
          0.65947574,
          1.1422455,
          1
        ]
      }
    ],
    "777C6D95-858D-40F3-B459-31F4D384F406" : [
      {
        "date" : 740401494.600276,
        "title" : "Untitled",
        "transform" : [
          0.99902076,
          -7.815693e-10,
          -0.04424258,
          0,
          -0.040940367,
          0.37908685,
          -0.92445505,
          0,
          0.016771784,
          0.9253612,
          0.3787157,
          0,
          0.02467631,
          1.361483,
          0.5572042,
          1
        ]
      },
      {
        "date" : 740401482.36939,
        "title" : "Untitled",
        "transform" : [
          0.9969324,
          -7.565089e-10,
          0.07826756,
          0,
          0.06816609,
          0.49139518,
          -0.8682651,
          0,
          -0.038460296,
          0.8709368,
          0.48988777,
          0,
          -0.056586612,
          1.2814084,
          0.72077155,
          1
        ]
      },
      {
        "date" : 740401472.018966,
        "title" : "Untitled",
        "transform" : [
          1,
          0,
          0,
          0,
          0,
          0.7071069,
          -0.70710677,
          0,
          0,
          0.70710677,
          0.7071069,
          0,
          0,
          1.0403655,
          1.0403658,
          1
        ]
      },
      {
        "date" : 740393952.48841,
        "title" : "Untitled",
        "transform" : [
          0.99999994,
          0,
          -0,
          0,
          -0,
          0.8660254,
          -0.49999994,
          0,
          0,
          0.49999994,
          0.8660254,
          0,
          0,
          0.21982433,
          0.38074696,
          1
        ]
      }
    ],
    "BFE4516A-67D1-4F5A-9DD0-CDD10ABC4267" : [
      {
        "date" : 740324851.171255,
        "title" : "Untitled",
        "transform" : [
          0.99999994,
          0,
          -0,
          0,
          -0,
          0.8660254,
          -0.49999994,
          0,
          0,
          0.49999994,
          0.8660254,
          0,
          0,
          0.21982433,
          0.38074696,
          1
        ]
      }
    ],
    "C74BF46B-D16D-430C-84A5-E9B430BC196A" : [
      {
        "date" : 740322826.567639,
        "title" : "Untitled",
        "transform" : [
          -0.91751915,
          -2.8375691e-08,
          0.3976918,
          0,
          -0.028708532,
          0.99739105,
          -0.066233754,
          0,
          -0.3966542,
          -0.07218791,
          -0.9151253,
          0,
          -2.9830205,
          -1.0148416,
          -4.152673,
          1
        ]
      },
      {
        "date" : 740322802.399124,
        "title" : "Untitled",
        "transform" : [
          -0.9882215,
          -3.1224516e-08,
          -0.15302935,
          0,
          -0.054713853,
          0.9338984,
          0.35332707,
          0,
          0.1429139,
          0.35753825,
          -0.9228987,
          0,
          0.80950236,
          2.027088,
          -4.417631,
          1
        ]
      },
      {
        "date" : 740201222.6762,
        "title" : "Untitled",
        "transform" : [
          -0.90810984,
          -1.7578074e-08,
          -0.41873193,
          0,
          -0.41169664,
          0.1825391,
          0.89285237,
          0,
          0.07643494,
          0.98319846,
          -0.1657656,
          0,
          0.3698768,
          4.887416,
          -0.5061674,
          1
        ]
      },
      {
        "date" : 740200882.869116,
        "title" : "Untitled",
        "transform" : [
          -0.97957903,
          -2.340966e-09,
          0.20105901,
          0,
          0.02237348,
          0.99378926,
          0.10900585,
          0,
          -0.1998103,
          0.11127819,
          -0.9734952,
          0,
          -0.9693293,
          0.5726123,
          -4.744635,
          1
        ]
      },
      {
        "date" : 740200873.614799,
        "title" : "Untitled",
        "transform" : [
          -0.7765715,
          -2.61957e-09,
          0.630029,
          0,
          0.17153125,
          0.962224,
          0.21142882,
          0,
          -0.606229,
          0.2722592,
          -0.7472357,
          0,
          -3.0541077,
          1.3716098,
          -3.7644825,
          1
        ]
      },
      {
        "date" : 740200869.882932,
        "title" : "Untitled",
        "transform" : [
          0.96401125,
          3.2083047e-10,
          0.2658612,
          0,
          0.10740649,
          0.9147614,
          -0.3894553,
          0,
          -0.24319957,
          0.40399447,
          0.8818403,
          0,
          -1.22521,
          2.035276,
          4.4426036,
          1
        ]
      },
      {
        "date" : 740200857.167793,
        "title" : "Untitled",
        "transform" : [
          0.96401125,
          3.2083047e-10,
          0.2658612,
          0,
          0.107406475,
          0.9147613,
          -0.38945523,
          0,
          -0.24319957,
          0.40399447,
          0.8818403,
          0,
          -0.09554786,
          0.15872075,
          0.34645602,
          1
        ]
      },
      {
        "date" : 740200839.8414,
        "title" : "Untitled",
        "transform" : [
          0.99999994,
          0,
          -0,
          0,
          -0,
          0.8660254,
          -0.49999988,
          0,
          0,
          0.49999988,
          0.8660254,
          0,
          0,
          0.19643919,
          0.34024268,
          1
        ]
      }
    ],
    "DE99BB51-5FD9-46CC-A430-BD427F7E9FB0" : [
      {
        "date" : 740391428.641437,
        "title" : "Untitled",
        "transform" : [
          0.72892344,
          -2.5183178e-08,
          0.6845953,
          0,
          0.24219625,
          0.93532866,
          -0.25787863,
          0,
          -0.64032155,
          0.35378018,
          0.68178296,
          0,
          -0.32917607,
          0.12947974,
          0.35526124,
          1
        ]
      },
      {
        "date" : 740200786.151703,
        "title" : "Untitled",
        "transform" : [
          0.7289233,
          -2.7463374e-09,
          0.6845953,
          0,
          0.24219629,
          0.93532866,
          -0.25787866,
          0,
          -0.6403215,
          0.35378027,
          0.6817829,
          0,
          -0.26185605,
          0.1446766,
          0.27881142,
          1
        ]
      },
      {
        "date" : 740200778.586144,
        "title" : "Untitled",
        "transform" : [
          0.94978064,
          -6.9422548e-09,
          -0.3129164,
          0,
          -0.14663666,
          0.88340366,
          -0.44507957,
          0,
          0.2764315,
          0.468613,
          0.8390396,
          0,
          0.113045156,
          0.19163682,
          0.34312072,
          1
        ]
      },
      {
        "date" : 740200105.80166,
        "title" : "Untitled",
        "transform" : [
          1,
          0,
          -0,
          0,
          -0,
          0.7071069,
          -0.7071067,
          0,
          0,
          0.7071067,
          0.7071069,
          0,
          0,
          0.28916752,
          0.28916752,
          1
        ]
      },
      {
        "date" : 740200088.313066,
        "title" : "Untitled",
        "transform" : [
          0,
          0,
          0,
          0,
          0,
          0,
          0,
          0,
          0,
          0,
          0,
          0,
          0,
          0,
          0,
          0
        ]
      },
      {
        "date" : 740200082.235469,
        "title" : "Untitled",
        "transform" : [
          0,
          0,
          0,
          0,
          0,
          0,
          0,
          0,
          0,
          0,
          0,
          0,
          0,
          0,
          0,
          0
        ]
      },
      {
        "date" : 740200076.94617,
        "title" : "Untitled",
        "transform" : [
          0,
          0,
          0,
          0,
          0,
          0,
          0,
          0,
          0,
          0,
          0,
          0,
          0,
          0,
          0,
          0
        ]
      },
      {
        "date" : 740199544.445966,
        "title" : "Untitled",
        "transform" : [
          0,
          0,
          0,
          0,
          0,
          0,
          0,
          0,
          0,
          0,
          0,
          0,
          0,
          0,
          0,
          0
        ]
      },
      {
        "date" : 731998653.334667,
        "title" : "Untitled",
        "transform" : [
          0,
          0,
          0,
          0,
          0,
          0,
          0,
          0,
          0,
          0,
          0,
          0,
          0,
          0,
          0,
          0
        ]
      },
      {
        "date" : 731998646.528424,
        "title" : "Untitled",
        "transform" : [
          0,
          0,
          0,
          0,
          0,
          0,
          0,
          0,
          0,
          0,
          0,
          0,
          0,
          0,
          0,
          1
        ]
      }
    ]
  },
  "selectedSceneRelativePath" : "Twenty.usda"
}