{
  "advancedEditorSelectedIdentifier" : "ProjectBrowser",
  "openSceneRelativePaths" : [
    "Scene.usda"
  ],
  "recentIdentifiers" : {

  },
  "sceneCameraHistory" : {
    "DE99BB51-5FD9-46CC-A430-BD427F7E9FB0" : [
      {
        "date" : 731998653.334667,
        "title" : "Untitled",
        "transform" : [
          0,
          0,
          0,
          0,
          0,
          0,
          0,
          0,
          0,
          0,
          0,
          0,
          0,
          0,
          0,
          0
        ]
      },
      {
        "date" : 731998646.528424,
        "title" : "Untitled",
        "transform" : [
          0,
          0,
          0,
          0,
          0,
          0,
          0,
          0,
          0,
          0,
          0,
          0,
          0,
          0,
          0,
          1
        ]
      },
      {
        "date" : 731998639.549405,
        "title" : "Untitled",
        "transform" : [
          0.9992954,
          1.0944602e-08,
          0.0375316,
          0,
          0.0048906924,
          0.99147344,
          -0.13021699,
          0,
          -0.037211593,
          0.13030884,
          0.9907749,
          0,
          0,
          0,
          0,
          1
        ]
      },
      {
        "date" : 731998637.916131,
        "title" : "Untitled",
        "transform" : [
          0.99830234,
          1.0944602e-08,
          0.058244124,
          0,
          0.007589717,
          0.99147344,
          -0.13008758,
          0,
          -0.057747517,
          0.13030884,
          0.9897903,
          0,
          -0.047879316,
          0.0033919478,
          4.031322,
          1
        ]
      },
      {
        "date" : 731941984.800541,
        "title" : "Untitled",
        "transform" : [
          0.99830234,
          1.0944602e-08,
          0.058244124,
          0,
          0.007589717,
          0.99147344,
          -0.13008758,
          0,
          -0.057747517,
          0.13030884,
          0.9897903,
          0,
          -0.08662557,
          0.09082395,
          4.695431,
          1
        ]
      },
      {
        "date" : 731941981.101576,
        "title" : "Untitled",
        "transform" : [
          0.99830234,
          1.0944602e-08,
          0.058244124,
          0,
          0.007589718,
          0.99147356,
          -0.1300876,
          0,
          -0.057747517,
          0.13030884,
          0.9897903,
          0,
          -0.11640322,
          0.44583923,
          4.646955,
          1
        ]
      },
      {
        "date" : 731941608.307505,
        "title" : "Untitled",
        "transform" : [
          0.95692235,
          1.0782856e-08,
          0.29034382,
          0,
          0.023102,
          0.9968295,
          -0.07614016,
          0,
          -0.2894233,
          0.07956776,
          0.95388836,
          0,
          -1.2059407,
          0.20829122,
          4.506532,
          1
        ]
      },
      {
        "date" : 731941599.366642,
        "title" : "Untitled",
        "transform" : [
          0.9274247,
          1.11214025e-08,
          0.37400976,
          0,
          0.053723726,
          0.9896296,
          -0.1332177,
          0,
          -0.37013116,
          0.14364259,
          0.91780704,
          0,
          -1.5919468,
          0.5083335,
          4.3604836,
          1
        ]
      },
      {
        "date" : 731941586.542346,
        "title" : "Untitled",
        "transform" : [
          0.9274247,
          1.2864689e-08,
          0.37400973,
          0,
          0.053723726,
          0.9896295,
          -0.13321769,
          0,
          -0.3701311,
          0.14364257,
          0.917807,
          0,
          -0.14368936,
          0.055763792,
          0.35630375,
          1
        ]
      },
      {
        "date" : 731941449.946963,
        "title" : "Untitled",
        "transform" : [
          0.99999994,
          0,
          -0,
          0,
          -0,
          0.8660254,
          -0.49999988,
          0,
          0,
          0.49999988,
          0.8660254,
          0,
          0,
          0.194106,
          0.33620152,
          1
        ]
      }
    ]
  }
}